﻿Bokföringsdag;Belopp;Avsändare;Mottagare;Namn;Rubrik;Meddelande;Egna anteckningar;Saldo;Valuta
2022/06/27;-720,00;51 86 87-9;5343-2795;LOOPIA AB (WEBSUPPORT);LOOPIA AB (WEBSUPPORT);378587992;Webhotell Q2;49537,22;SEK
2022/06/16;-880,00;51 86 87-9;824-3040;TELIA SVERIGE AB;TELIA SVERIGE AB;19990271223;Mobil Q2;50257,22;SEK
2022/06/13;-625,00;51 86 87-9;5050-1055;SKATTEVERKET;SKATTEVERKET;16556782817244;Förs Avg;51137,22;SEK
2022/06/13;-153,71;51 86 87-9;;KORT             BEANSTALK APP   26;KORT             BEANSTALK APP   26;BEANSTALK APP   2656;;;SEK
2022/06/10;-184,00;51 86 87-9;;KORT             POSTNORD SE     26;KORT             POSTNORD SE     26;POSTNORD SE     2656;;51915,93;SEK
2022/06/09;-399,90;51 86 87-9;;KORT             KJELL O CO 100  26;KORT             KJELL O CO 100  26;KJELL O CO 100  2656;;52099,93;SEK
2022/06/03;-1,70;51 86 87-9;;PRIS ENL SPEC;PRIS ENL SPEC;;;52499,83;SEK
2022/05/31;-446,00;51 86 87-9;5020-7042;Fortnox Finans AB;Fortnox Finans AB;52804292974641;Bokf pr jun/jul/aug;52501,53;SEK
2022/05/24;786,99;;51 86 87-9;BG KONTOINS;BG KONTOINS;0817-9780 GOOGLE IRELA;;52947,53;SEK
2022/05/19;179,00;;51 86 87-9;BG KONTOINS;BG KONTOINS;5050-1030 SK5567828172;;52160,54;SEK
2022/05/18;-610,33;51 86 87-9;;KORT             PAYPAL *HKSITES 26;KORT             PAYPAL *HKSITES 26;PAYPAL *HKSITES 2656;;51981,54;SEK
2022/05/12;-154,91;51 86 87-9;;KORT             BEANSTALK APP   26;KORT             BEANSTALK APP   26;BEANSTALK APP   2656;;52591,87;SEK
2022/05/04;-1,70;51 86 87-9;;PRIS ENL SPEC;PRIS ENL SPEC;;;52746,78;SEK
2022/04/19;-186,25;51 86 87-9;5343-2795;LOOPIA AB (WEBSUPPORT);LOOPIA AB (WEBSUPPORT);375508199;sharedplanet se;52748,48;SEK
2022/04/12;-145,41;51 86 87-9;;KORT             BEANSTALK APP   26;KORT             BEANSTALK APP   26;BEANSTALK APP   2656;;52934,73;SEK
2022/04/04;-6,80;51 86 87-9;;PRIS ENL SPEC;PRIS ENL SPEC;;;53080,14;SEK